20 240 80 240 3 1 
160 240 200 240 2 1 
220 160 220 220 3 2 
220 300 220 360 3 2 
280 100 340 100 3 2 
280 400 340 400 3 2 
280 240 340 240 3 2 
420 100 460 100 2 2 
420 240 460 240 2 2 
420 400 460 400 2 2 
360 440 360 520 4 2 
360 500 460 500 5 2 
540 100 580 100 2 2 
660 100 700 100 2 2 
540 240 580 240 2 2 
660 240 700 240 2 2 
540 400 580 400 2 2 
660 400 700 400 2 2 
540 500 580 500 2 2 
660 500 700 500 2 2 
0 0 0 0 0 2524
80 220 0 4
200 220 0 1
340 220 0 4
340 360 0 1
200 360 0 4
200 80 0 4
340 80 0 1
460 80 0 6
580 80 0 5
700 80 0 2
460 220 0 6
580 220 0 5
700 220 0 3
460 360 0 6
580 360 0 5
700 360 0 2
460 500 0 6
580 500 0 5
700 500 0 2
