60 500 1020 500 48 2 
60 160 60 520 18 1 
200 180 200 520 17 1 
280 380 280 520 7 1 
360 220 360 520 15 1 
420 380 420 520 7 1 
500 240 500 520 14 1 
560 380 560 520 7 1 
640 260 640 520 13 1 
700 380 700 520 7 1 
840 380 840 520 7 1 
980 380 980 520 7 1 
1100 500 1180 500 4 2 
1260 500 1320 500 3 2 
1400 500 1480 500 4 2 
320 500 320 580 4 1 
460 500 460 580 4 1 
0 0 0 0 0 2524
60 80 0 2
200 100 0 2
340 140 0 2
480 160 0 2
620 180 0 2
260 300 0 3
400 300 0 3
540 300 0 3
680 300 0 3
820 300 0 3
960 300 0 3
1020 480 0 1
1180 480 0 5
1320 480 0 6
1480 480 0 4
300 580 0 2
460 580 0 2
