100 100 1100 100 50 1 
1180 100 1800 100 31 2 
1820 120 1820 580 23 2 
1800 660 1800 1140 24 1 
1800 1220 1800 1780 28 2 
660 1820 1760 1820 55 1 
140 1820 580 1820 22 2 
80 1280 80 1780 25 1 
60 680 60 1200 26 1 
60 140 60 600 23 2 
0 0 0 0 0 2524
20 60 0 2
1100 60 0 3
1800 40 0 4
1780 580 0 5
1760 1140 0 6
1760 1780 0 2
580 1780 0 6
60 1780 0 1
60 1200 0 3
40 600 0 5
720 500 0 2
940 400 0 2
1040 580 0 2
780 740 0 2
1400 560 0 3
1400 720 0 3
1400 880 0 3
980 780 0 2
680 1220 0 2
840 1260 0 2
720 1380 0 2
1560 1620 0 2
1640 220 0 6
